17
16
15
12
11
10
9
8
7
8
9
10
11
12
13
14
16
15
14
13
12
11
8
7
6
7
8
9
10
11
12
13
17
16
15
14
13
12
9
10
5
6
7
8
9
10
11
12
18
17
16
15
14
13
10
11
4
5
6
7
8
9
10
11
19
16
15
14
13
12
11
12
3
4
5
6
7
8
9
10
20
17
18
17
16
15
14
13
2
3
4
5
6
7
8
9
21
18
19
21
20
9
8
9
1
2
3
4
5
6
7
8
22
19
20
22
19
10
7
0
0
1
2
3
4
5
6
7
23
20
21
23
18
11
6
0
0
1
2
3
4
5
6
7
24
21
22
24
17
10
5
4
3
2
3
4
5
6
7
8
25
22
23
25
16
9
6
5
4
3
4
5
6
7
8
9
26
23
24
26
15
8
7
6
5
4
5
6
7
8
9
10
27
24
25
27
14
9
8
7
6
5
6
7
8
9
10
11
28
25
26
28
13
10
9
8
7
6
7
8
9
10
11
12
29
26
27
28
12
11
10
9
8
7
8
9
10
11
12
13
28
27
15
14
13
12
11
10
9
8
9
10
11
12
13
14
